lastAccountName: Tuh_
timestamps:
  login: 1442678173060
  logout: 1442678619679
ipAddress: 47.18.157.228
lastlocation:
  world: world
  x: -9.5
  y: 64.0
  z: 253.5
  yaw: 0.0
  pitch: 0.0
logoutlocation:
  world: world
  x: -211.69999998807907
  y: 65.0
  z: 39.04166523959568
  yaw: -149.1228
  pitch: 34.85047
