lastAccountName: InfamousZ
timestamps:
  login: 1442678358061
  logout: 1442678584562
ipAddress: 207.126.95.2
lastlocation:
  world: world
  x: -9.5
  y: 64.0
  z: 253.5
  yaw: 0.0
  pitch: 0.0
logoutlocation:
  world: world
  x: 68.98063607352975
  y: 75.0
  z: -88.88732161178176
  yaw: -359.8919
  pitch: 19.319107
