lastAccountName: xMilkyMysteryx
timestamps:
  login: 1442678562289
  logout: 1442678574227
ipAddress: 73.7.160.26
lastlocation:
  world: world
  x: -9.5
  y: 64.0
  z: 253.5
  yaw: 0.0
  pitch: 0.0
logoutlocation:
  world: world
  x: 101.73981245064618
  y: 88.0
  z: 26.68795230907022
  yaw: 37.138145
  pitch: -1.7504318
