lastAccountName: EatMyKok
timestamps:
  login: 1465601161691
  logout: 1465601251861
ipAddress: 45.72.248.84
lastlocation:
  world: world
  x: -10.0
  y: 64.0
  z: 253.0
  yaw: 0.0
  pitch: 0.0
logoutlocation:
  world: world
  x: 195.48660173752006
  y: 74.0
  z: 9.230050415233205
  yaw: 242.06615
  pitch: 2.855154
