lastAccountName: Jnieto
timestamps:
  login: 1442679156627
  logout: 1442679176969
ipAddress: 71.241.144.49
lastlocation:
  world: world
  x: -9.5
  y: 64.0
  z: 253.5
  yaw: 0.0
  pitch: 0.0
logoutlocation:
  world: world
  x: 88.31629989518729
  y: 87.0
  z: 34.953871419044226
  yaw: -99.1431
  pitch: 19.222235
