lastAccountName: Malefic
timestamps:
  login: 1442678162965
  logout: 1442678986218
ipAddress: 69.118.178.20
lastlocation:
  world: world
  x: 80.12733919814636
  y: 98.92364935325226
  z: 89.86489192693263
  yaw: 186.0954
  pitch: -21.561836
logoutlocation:
  world: world
  x: 145.80927113805208
  y: 112.50948007411628
  z: 40.74802335199518
  yaw: 172.48831
  pitch: 12.989533
