lastAccountName: HoldenPVP
timestamps:
  login: 1442678210299
  logout: 1442678541415
ipAddress: 73.23.11.200
lastlocation:
  world: world
  x: -9.5
  y: 64.0
  z: 253.5
  yaw: 0.0
  pitch: 0.0
logoutlocation:
  world: world
  x: 73.77121499831267
  y: 98.0
  z: -3.9822052552524916
  yaw: 254.2395
  pitch: 8.401328
