lastAccountName: SnazzyPuma
timestamps:
  login: 1442678183222
  logout: 1442678491073
ipAddress: 69.116.107.135
lastlocation:
  world: world
  x: -9.5
  y: 64.0
  z: 253.5
  yaw: 0.0
  pitch: 0.0
logoutlocation:
  world: world
  x: 46.484362769234906
  y: 64.53033164111862
  z: -348.69999998807907
  yaw: 166.32758
  pitch: 52.518448
