jails: 
  jail: 
    world: SpawnWorld
    x: 178.44719327007599
    y: 4.0
    z: -209.30000001192093
    yaw: 178.79614
    pitch: 25.273994
