spawns: 
  default: 
    world: world
    x: 104.43385089913222
    y: 90.0
    z: 36.603069818979534
    yaw: 180.23813
    pitch: 7.8495655
