world: world
x: 62.56662542448103
y: 76.0
z: -484.81475144893767
yaw: 60.07899
pitch: 14.072714
name: niften_home
