world: world
x: 104.38465949602404
y: 157.0
z: 36.510735441456475
yaw: -267.8789
pitch: 14.100475
name: top
